#Codigo para problema 1
#Codigo para problema 1

# coef_deter=0.1923 lo vemos
#coef_cor = sqrt(0.1923)
# variacion de marketvalue en una unidad de cambio de assets = m =0.06576
#que valor predecimos para assets=647.1
m <- 0.06576
b <- 11.79755

m*(647.1) +11.79755
